onis=[
0.400000,
0.200000,
0.000000,
-0.200000,
-0.400000,
-0.440000,
-0.642000,
-0.844000,
-1.046000,
-1.248000,
-1.450000,
-1.176667,
-0.903333,
-0.630000,
-0.400000,
-0.257883,
-0.257883,
-0.400000,
-0.880000,
-0.921667,
-0.963333,
-1.005000,
-1.046667,
-1.088333,
-1.130000,
-1.056250,
-0.982500,
-0.908750,
-0.835000,
-0.761250,
-0.687500,
-0.613750,
-0.540000,
-0.400000,
-0.266667,
-0.133333,
0.000000,
0.133333,
0.266667,
0.400000,
0.540000,
0.741429,
0.942857,
1.144286,
1.345714,
1.547143,
1.748571,
1.950000,
1.783750,
1.617500,
1.451250,
1.285000,
1.118750,
0.952500,
0.786250,
0.620000,
0.400000,
0.296429,
0.192858,
0.089288,
-0.014283,
-0.117854,
-0.014283,
0.089288,
0.192858,
0.296429,
0.400000,
0.600000,
0.746667,
0.893333,
1.040000,
0.940000,
0.840000,
0.740000,
0.640000,
0.540000,
0.400000,
-0.400000,
-0.430000,
-0.596667,
-0.763333,
-0.930000,
-1.096667,
-1.263333,
-1.430000,
-1.322500,
-1.215000,
-1.107500,
-1.000000,
-0.892500,
-0.785000,
-0.677500,
-0.570000,
-0.400000,
-0.240000,
-0.080000,
0.080000,
0.240000,
0.400000,
0.620000,
0.824286,
1.028571,
1.232857,
1.437143,
1.641429,
1.845714,
2.050000,
1.840000,
1.630000,
1.420000,
1.210000,
1.000000,
0.790000,
0.580000,
0.400000,
0.400000,
0.590000,
0.770000,
0.950000,
1.130000,
1.032000,
0.934000,
0.836000,
0.738000,
0.640000,
0.400000,
0.333333,
0.266667,
0.200000,
0.133333,
0.066667,
0.000000,
-0.066667,
-0.133333,
-0.200000,
-0.266667,
-0.333333,
-0.400000,
-0.580000,
-0.635000,
-0.690000,
-0.745000,
-0.800000,
-0.500000,
-0.400000,
-0.240000,
-0.080000,
0.080000,
0.240000,
0.400000,
0.610000,
0.866667,
1.123333,
1.380000,
1.636667,
1.893333,
2.150000,
1.915714,
1.681429,
1.447143,
1.212857,
0.978572,
0.744286,
0.510000,
0.400000,
0.374826,
0.349652,
0.324478,
0.299304,
0.324478,
0.349652,
0.374826,
0.400000,
0.500000,
0.562000,
0.624000,
0.686000,
0.748000,
0.810000,
0.766667,
0.723333,
0.680000,
0.400000,
-0.085086,
-0.085086,
0.400000,
0.680000,
0.891667,
1.103333,
1.315000,
1.526667,
1.738333,
1.950000,
1.754286,
1.558571,
1.362857,
1.167143,
0.971428,
0.775714,
0.580000,
0.400000,
0.320000,
0.240000,
0.160000,
0.080000,
0.000000,
-0.080000,
-0.160000,
-0.240000,
-0.320000,
-0.400000,
-0.890000,
-1.043333,
-1.196667,
-1.350000,
-1.214000,
-1.078000,
-0.942000,
-0.806000,
-0.670000,
-0.400000,
-0.400000,
-0.540000,
-0.615000,
-0.690000,
-0.765000,
-0.840000,
-0.500000,
-0.400000,
-0.381890,
-0.363781,
-0.345671,
-0.363781,
-0.381890,
-0.400000,
-0.740000,
-0.863333,
-0.986667,
-1.110000,
-0.997500];
numNinios = 7;
numNinias = 7;
numNeutrales = 14;
maxOniNinio = 2.2;
maxOniNinia = 1.5;
minOniNinio = 0.5;
minOniNinia = 0.5;
